0 0.070703 0.489583 0.067969 0.187500
0 0.159375 0.552083 0.078125 0.229167
0 0.141406 0.368056 0.054688 0.105556
0 0.268359 0.628472 0.050781 0.201389
0 0.319922 0.602083 0.047656 0.190278
0 0.366406 0.667361 0.037500 0.206944
0 0.426953 0.715278 0.039844 0.250000
0 0.383594 0.318750 0.048437 0.151389
0 0.418750 0.437500 0.053125 0.213889
0 0.476953 0.516667 0.082031 0.208333
0 0.492188 0.691667 0.067188 0.241667
0 0.533594 0.552778 0.048437 0.225000
0 0.554688 0.732639 0.045313 0.162500
0 0.629687 0.684028 0.098438 0.359722
0 0.738281 0.610417 0.101563 0.187500
