0 0.073828 0.498611 0.061719 0.180556
0 0.150391 0.381250 0.058594 0.170833
0 0.161719 0.547917 0.073437 0.254167
0 0.267188 0.644444 0.051562 0.200000
0 0.318359 0.605556 0.046094 0.241667
0 0.369922 0.636111 0.052344 0.252778
0 0.427344 0.723611 0.039063 0.266667
0 0.398828 0.368750 0.094531 0.345833
0 0.554297 0.727083 0.028906 0.184722
0 0.489062 0.690278 0.070313 0.227778
0 0.496875 0.522222 0.115625 0.263889
0 0.627344 0.678472 0.112500 0.376389
0 0.710938 0.662500 0.031250 0.116667
0 0.751562 0.563889 0.092188 0.052778
